-----------------------theta = 91.0, rho = 297.0
00000000000000000000000000000000000000000000000000000000000000000000000000000000000000000000111111111111100000000000000000000000000000000000000000000000000000000000000011111111100000000000000000000000000000000000000000000000000000000000000000000011111111111110000000000011111111111100000000000000000000000000000000000000000000000000000000000000000000111111111111111100000000000000000000000000000000011111111111111100000000000000000000000000000000000000000000000000000000000000000000000000000000000000
00000000000000000000000000000000000000000000000000000000000000000000000000000000000000000000000111111111111100000000000000000000000000000000000000000000000000000001111111111111100000000000000000000000000000000001111111111111111111111000000000000011111111111111111111111111111111111000000000000000000000000000000000000000000000000000000000000000000000111111111111111100000000000000000000000000000001111111111111111100000000000000000000000000000000000000000000000000000000000000000000000000000000000000
00000000000000000000000000000000000000000000000000000000000000000000000000000000000000000000000111111111111111111111110000000000000000000000000000000000000000000001111111111111100000000000000000000000000000000001111111111111111111111100000000001111111111111111111111111111111111111000000000000000000000000000000000000000000000000000000000000000000000111111111111111111100000000000000000000000000001111111111111111100000000000000000000000000000000000000000000000000000000000000000000000000000000000000
00000000000000000000000000000000000000000000000000000000000000000000000000000000000000000000000001111111111111111111110000000000000000000000000000111111111111111111111111111111100000000000000000000000000000000111111111111111111111111100000000001111111111111111111111111111111111111000000000000000000000000000111111100000000000000000000000000000000000111111111111111111111111110000000000001111111111111111111111111100000000000000000000000000000000000000000000000000000000000000000000000000000000000000
00000000000000000000000000000000000000000000000000000000000000000000000000000000000000000000000001111111111111111111111111111111100000000000000000111111111111111111111111111111110000000000000000000000000000000111111111111111111111111111111111111111111111111111111111111111111111111000000000011111111111111111111111100000000000000000000000000000000111111111111111111111111111110000000000001111111111111111111111111100000000000000000000000000000000000000000000000000000000000000000000000000000000000000
00000000000000000000000000000000000000000000000000000000000000000000000000000000000011111111111111111111111111111111111111111111100000000000000111111111111111111111111111111111110000000000000000000011111111111111111111111111111111111111111111111111111111111111111111111111111111111100000000011111111111111111111111111111111111111111111000000000000111111111111111111111111111111111111111111111111111111111111111111100000000000000000001111111111000000000000000000000000000000000000000000011111111111111
00000000000000000000000111111100000000000000000000000001111111111111111111111111111111111111111111111111111111111111111111111111111111100000000111111111111111111111111111111111111111111111111111111111111111111111111111111111111111111111111111111111111111111111111111111111111111111111111111111111111111111111111111111111111111111111111000000011111111111111111111111111111111111111111111111111111111111111111111111111111111111111111111111111111000000000000011111111110000000000000000000011111111111111
00000000000000000000000111111111111111111111111111111111111111111111111111111111111111111111111111111111111111111111111111111111111111111111111111111111111111111111111111111111111111111111111111111111111111111111111111111111111111111111111111111111111111111111111111111111111111111111111111111111111111111111111111111111111111111111111111111111111111111111111111111111111111111111111111111111111111111111111111111111111111111111111111111111111111111111111111111111110000000000000000000111111111111111
11111111111111111111111111111111111111111111111111111111111111111111111111111111111111111111111111111111111111111111111111111111111111111111111111111111111111111111111111111111111111111111111111111111111111111111111111111111111111111111111111111111111111111111111111111111111111111111111111111111111111111111111111111111111111111111111111111111111111111111111111111111111111111111111111111111111111111111111111111111111111111111111111111111111111111111111111111111111111111111111111111111111111111111
11111111111111111111111111111111111111111111111111111111111111111111111111111111111111111111111111111111111111111111111111111111111111111111111111111111111111111111111111111111111111111111111111111111111111111111111111111111111111111111111111111111111111111111111111111111111111111111111111111111111111111111111111111111111111111111111111111111111111111111111111111111111111111111111111111111111111111111111111111111111111111111111111111111111111111111111111111111111111111111111111111111111111111111
11111111111111111111111111111111111111111111111111111111111111111111111111111111111111111111111111111111111111111111111111111111111111111111111111111111111111111111111111111111111111111111111111111111111111111111111111111111111111111111111111111111111111111111111111111111111111111111111111111111111111111111111111111111111111111111111111111111111111111111111111111111111111111111111111111111111111111111111110000000000000000000000000111111111111111111111111111111111111111111111111111111111111111111
11111111111111111111111111111111111111111111111111111111111111111111111111111111111111111111111111111111111111111111111111111111111111111111111111111111111111111111111111111111111111111111111111111111111111111111111111111111111111111111111111111111111111111111111111111111111111111111111111111111111111111111111110000000000111111111111111111111111111111111111111111111110000000000000000000000000000000000000000000000000000000000000000000000000000000000000000000000000111111111111111111000000000000000
11111111111111111111111111111111111111111111111111111111111111110000000011111111111111111111111111111111111111110000000000000000000000000111111111111111111111111111111111000000000000000000000001111111111111111111111111111111111111111111111111111111111111111111111111111111111111111111100000000000000000000000000000000000000111111111111111111100000000000000000000000000000000000000000000000000000000000000000000000000000000000000000000000000000000000000000000000000000000000000000000000000000000000000
bbbbbbbbbbbbbbbbbbbbbbbaaaaaaabbbbbbbbbbbbbbbbbbbbbbbbbaaaaaaaaaaaaaaaaaaaaaaaaaaaaaaaaaaaaa9998877777777888888888888899999999999aaaaaaaabbbbbbaaa99999999999999999888887777777779aaaaaaaaaaaaaaaaaaaaaaaaaaaaaaa9988888888888888888888888999999999988777777777777788888888888777777777779aaaaaaaaa99999999999999999888888899999999aaaaaaaaaaaabbbbbbbaaaaa999777777777777777788888888889999999999998888888887766666666666666699999999999999999998999999999aaaaaaaaaaaaa9999999999abbbbbbbbbbbbbbbbbba99999999999999
55555555555555555555555777777766666666666666666666666667777777776666666677777777777788888888999bbddddddddcccbbbbaaaaaa8888888888866666655666666888aaaaaaaaaaaaaaaaacccccddccccccc86666666666666667777788888888888aaccccccccccccccccccccccb9999999999bbdddddddddddddcccccccccccddddddddddd977766666688888888888888888999998866666666888888888888666666666666888ccccccccccccccccaaa9888888666666666666888888888aabbbbbbbbbbaaaaa44444444444444444445666666666444444444444455555555553444444444444444444466666666666666
00000000000000000000000000000000000000000000000000000000000000000000000000000000000000000000000000000000000000000000000000000000000000000000000000000000000000000000000000000000000000000000000000000000000000000000000000000000000000000000000000000000000000000000000000000000000000000000000000000000000000000000000000000000000000000000000000000000000000000000000000000000000000000000000000000000000000000000000000000000000000000000000000000000000000000000000000000000000000000000000000000000000000000000
00000000000000000000000000000000000000000000000000000000000000000000000000000000000000000000000000000000000000000000000000000000000000000000000000000000000000000000000000000000000000000000000000000000000000000000000000000000000000000000000000000000000000000000000000000000000000000000000000000000000000000000000000000000000000000000000000000000000000000000000000000000000000000000000000000000000000000000000000000000000000000000000000000000000000000000000000000000000000000000000000000000000000000000
00000000000000000000000100000010000000000000000000000001000000000000000000000000000000000000100000000000010000000000000000000000000000000000000100000000000000000000000000000000001000000000000000000000000000000100000000000000000000000010000000001000000000000001000000000010000000000010000000010000000000000000000000010000000000000000000000000010000000000000000000000010000000000000000000001000000000000000000000000000000000000000000001100000000000000000000010000000001000000000000000000100000000000000
(0.0,0.0)-(0.0,0.0)

-----------------------theta = 91.0, rho = 297.0
00000000000000000000000000000000000000000000000000000000000000000000000000000000000000000000111111111111100000000000000000000000000000000000000000000000000000000000000011111111100000000000000000000000000000000000000000000000000000000000000000000011111111111110000000000011111111111100000000000000000000000000000000000000000000000000000000000000000000111111111111111100000000000000000000000000000000011111111111111100000000000000000000000000000000000000000000000000000000000000000000000000000000000000
00000000000000000000000000000000000000000000000000000000000000000000000000000000000000000000000111111111111100000000000000000000000000000000000000000000000000000001111111111111100000000000000000000000000000000001111111111111111111111000000000000011111111111111111111111111111111111000000000000000000000000000000000000000000000000000000000000000000000111111111111111100000000000000000000000000000001111111111111111100000000000000000000000000000000000000000000000000000000000000000000000000000000000000
00000000000000000000000000000000000000000000000000000000000000000000000000000000000000000000000111111111111111111111110000000000000000000000000000000000000000000001111111111111100000000000000000000000000000000001111111111111111111111100000000001111111111111111111111111111111111111000000000000000000000000000000000000000000000000000000000000000000000111111111111111111100000000000000000000000000001111111111111111100000000000000000000000000000000000000000000000000000000000000000000000000000000000000
00000000000000000000000000000000000000000000000000000000000000000000000000000000000000000000000001111111111111111111110000000000000000000000000000111111111111111111111111111111100000000000000000000000000000000111111111111111111111111100000000001111111111111111111111111111111111111000000000000000000000000000111111100000000000000000000000000000000000111111111111111111111111110000000000001111111111111111111111111100000000000000000000000000000000000000000000000000000000000000000000000000000000000000
00000000000000000000000000000000000000000000000000000000000000000000000000000000000000000000000001111111111111111111111111111111100000000000000000111111111111111111111111111111110000000000000000000000000000000111111111111111111111111111111111111111111111111111111111111111111111111000000000011111111111111111111111100000000000000000000000000000000111111111111111111111111111110000000000001111111111111111111111111100000000000000000000000000000000000000000000000000000000000000000000000000000000000000
00000000000000000000000000000000000000000000000000000000000000000000000000000000000011111111111111111111111111111111111111111111100000000000000111111111111111111111111111111111110000000000000000000011111111111111111111111111111111111111111111111111111111111111111111111111111111111100000000011111111111111111111111111111111111111111111000000000000111111111111111111111111111111111111111111111111111111111111111111100000000000000000001111111111000000000000000000000000000000000000000000011111111111111
00000000000000000000000111111100000000000000000000000001111111111111111111111111111111111111111111111111111111111111111111111111111111100000000111111111111111111111111111111111111111111111111111111111111111111111111111111111111111111111111111111111111111111111111111111111111111111111111111111111111111111111111111111111111111111111111000000011111111111111111111111111111111111111111111111111111111111111111111111111111111111111111111111111111000000000000011111111110000000000000000000011111111111111
00000000000000000000000111111111111111111111111111111111111111111111111111111111111111111111111111111111111111111111111111111111111111111111111111111111111111111111111111111111111111111111111111111111111111111111111111111111111111111111111111111111111111111111111111111111111111111111111111111111111111111111111111111111111111111111111111111111111111111111111111111111111111111111111111111111111111111111111111111111111111111111111111111111111111111111111111111111110000000000000000000111111111111111
11111111111111111111111111111111111111111111111111111111111111111111111111111111111111111111111111111111111111111111111111111111111111111111111111111111111111111111111111111111111111111111111111111111111111111111111111111111111111111111111111111111111111111111111111111111111111111111111111111111111111111111111111111111111111111111111111111111111111111111111111111111111111111111111111111111111111111111111111111111111111111111111111111111111111111111111111111111111111111111111111111111111111111111
11111111111111111111111111111111111111111111111111111111111111111111111111111111111111111111111111111111111111111111111111111111111111111111111111111111111111111111111111111111111111111111111111111111111111111111111111111111111111111111111111111111111111111111111111111111111111111111111111111111111111111111111111111111111111111111111111111111111111111111111111111111111111111111111111111111111111111111111111111111111111111111111111111111111111111111111111111111111111111111111111111111111111111111
11111111111111111111111111111111111111111111111111111111111111111111111111111111111111111111111111111111111111111111111111111111111111111111111111111111111111111111111111111111111111111111111111111111111111111111111111111111111111111111111111111111111111111111111111111111111111111111111111111111111111111111111111111111111111111111111111111111111111111111111111111111111111111111111111111111111111111111111110000000000000000000000000111111111111111111111111111111111111111111111111111111111111111111
11111111111111111111111111111111111111111111111111111111111111111111111111111111111111111111111111111111111111111111111111111111111111111111111111111111111111111111111111111111111111111111111111111111111111111111111111111111111111111111111111111111111111111111111111111111111111111111111111111111111111111111111110000000000111111111111111111111111111111111111111111111110000000000000000000000000000000000000000000000000000000000000000000000000000000000000000000000000111111111111111111000000000000000
11111111111111111111111111111111111111111111111111111111111111110000000011111111111111111111111111111111111111110000000000000000000000000111111111111111111111111111111111000000000000000000000001111111111111111111111111111111111111111111111111111111111111111111111111111111111111111111100000000000000000000000000000000000000111111111111111111100000000000000000000000000000000000000000000000000000000000000000000000000000000000000000000000000000000000000000000000000000000000000000000000000000000000000
bbbbbbbbbbbbbbbbbbbbbbbaaaaaaabbbbbbbbbbbbbbbbbbbbbbbbbaaaaaaaaaaaaaaaaaaaaaaaaaaaaaaaaaaaaa9998877777777888888888888899999999999aaaaaaaabbbbbbaaa99999999999999999888887777777779aaaaaaaaaaaaaaaaaaaaaaaaaaaaaaa9988888888888888888888888999999999988777777777777788888888888777777777779aaaaaaaaa99999999999999999888888899999999aaaaaaaaaaaabbbbbbbaaaaa999777777777777777788888888889999999999998888888887766666666666666699999999999999999998999999999aaaaaaaaaaaaa9999999999abbbbbbbbbbbbbbbbbba99999999999999
55555555555555555555555777777766666666666666666666666667777777776666666677777777777788888888999bbddddddddcccbbbbaaaaaa8888888888866666655666666888aaaaaaaaaaaaaaaaacccccddccccccc86666666666666667777788888888888aaccccccccccccccccccccccb9999999999bbdddddddddddddcccccccccccddddddddddd977766666688888888888888888999998866666666888888888888666666666666888ccccccccccccccccaaa9888888666666666666888888888aabbbbbbbbbbaaaaa44444444444444444445666666666444444444444455555555553444444444444444444466666666666666
00000000000000000000000000000000000000000000000000000000000000000000000000000000000000000000000000000000000000000000000000000000000000000000000000000000000000000000000000000000000000000000000000000000000000000000000000000000000000000000000000000000000000000000000000000000000000000000000000000000000000000000000000000000000000000000000000000000000000000000000000000000000000000000000000000000000000000000000000000000000000000000000000000000000000000000000000000000000000000000000000000000000000000000
00000000000000000000000000000000000000000000000000000000000000000000000000000000000000000000000000000000000000000000000000000000000000000000000000000000000000000000000000000000000000000000000000000000000000000000000000000000000000000000000000000000000000000000000000000000000000000000000000000000000000000000000000000000000000000000000000000000000000000000000000000000000000000000000000000000000000000000000000000000000000000000000000000000000000000000000000000000000000000000000000000000000000000000
00000000000000000000000100000010000000000000000000000001000000000000000000000000000000000000100000000000010000000000000000000000000000000000000100000000000000000000000000000000001000000000000000000000000000000100000000000000000000000010000000001000000000000001000000000010000000000010000000010000000000000000000000010000000000000000000000000010000000000000000000000010000000000000000000001000000000000000000000000000000000000000000001100000000000000000000010000000001000000000000000000100000000000000
(0.0,0.0)-(0.0,0.0)

