-----------------------theta = 126.0, rho = -13.0
00000000000000000000000000000000000000000000000000000000000000000000000000000000000000000000000000000000000000000000000000000000000000000000000000000000000000000000000000000000000000000000000000000000000000000000000000000000000000000000000000000000000000000000000000000000000000000000000000000000000000000000000000000000000000000000000000000000000000000000000000000000000000000000000000000000000000000000000000000000000000000000000000000000000000000000000000000000000000000000000000000000000000000000
00000000000000000000000000000000000000000000000000000000000000000000000000000000000000000000000000000000000000000000000000000000000000000000000000000000000000000000000000000000000000000000000000000000000000000000000000000000000000000000000000000000000000000000000000000000000000000000000000000000000000000000000000000000000000000000000000000000000000000000000000000000000000000000000000000000000000000000000000000000000000000000000000000000000000000000000000000000000000000000000000000000000000000000
00000000000000000000000000000000000000000000000000000000000000000000000000000000000000000000000000000000000000000000000000000000000000000000000000000000000000000000000000000000000000000000000000000000000000000000000000000000000000000011111111111111111111111111111111111111111111110000000000000000000000000000000000000000000000000000000000000000000000000000000000000000000000000000000000000000000000000000000000000000000000000000000000000000000000000000000000000000000000000000111111100000000000000000
00000000000000000000000000000000000000000000000000000000000000000000000000000000000000000000000000000000000000000000000000000000000000000000000000000000000000000000000000000000000000000000000000000000000000000000000000000000000111111111111111111111111111111111111111111111111111111111111111111111111110000000000000000000000000000000000000000000000000000000000000000000000000000000000000000000000000000000000000000000000000000000000000000000000000000000000111111111111111111111111111100000000000000000
00000000000000000000000000000000000000000000000000000000000000000000000000000000000000000000000011111111111111111111111111111111111111111111111111111111111111111111111100000000000000000000111111111111111111111111111111111111111111111111111111111111111111111111111111111111111111111111111111111111111111111110000000000000000000000000000000000000000000000000000000000000000000000000000000000000000000000000000000000000011111111111111111111111111111111111111111111111111111111111111111100000000000000000
00000000000000000000000000000000000000000000000000000000000000000000000000000000000000000001111111111111111111111111111111111111111111111111111111111111111111111111111111111111111111111111111111111111111111111111111111111111111111111111111111111111111111111111111111111111111111111111111111111111111111111111111100000000000000000000000000000000000000000000000000000000000000000000000000000001111111111111111111111111111111111111111111111111111111111111111111111111111111111111111111000000000000000000
00000000000000000000000000000000000000000000000000000000000000000000000000001111111111111111111111111111111111111111111111111111111111111111111111111111111111111111111111111111111111111111111111111111111111111111111111111111111111111111111111111111111111111111111111111111111111111111111111111111111111111111111111111111111111111111111111111111111111111111111111000000000000111111111111111111111111111111111111111111111111111111111111111111111111111111111111111111111111111111111110000000000000000000
00000000000000000000000000000000000000001111111111111111111111111111111111111111111111111111111111111111111111111111111111111111111111111111111111111111111111111111111111111111111111111111111111111111111111111111111111111111111111111111111111111111111111111111111111111111111111111111111111111111111111111111111111111111111111111111111111111111111111111111111111111111111111111111111111111111111111111111111111111111111111111111111111111111111111111111111111111111111111111111111100000000000000000000
00000000000000000000000000000000000111111111111111111111111111111111111111111111111111111111111111111111111111111111111111111111111111111111111111111111111111111111111111111111111111111111111111111111111111111111111111111111100000000000000000000000000000000000011111111111111111111111111111111111111111111111111111111111111111111111111111111111111111111111111111111111111111111111111111111111111111111111111111111111111111111111111111111111111111111111111111111111111111111111111000000000000000000000
00000000000000000000000000000000001111111111111111111111111111111111111111111111111111111111111111111111111111111100000000000000000000000000000000000000000000000000000000000000000000000000000000001111111111111111111111111100000000000000000000000000000000000000000000000000000000000000000000000000111111111111111111111111111111111111111111111111111111111111111111111111111111111111111111111111111111111111111111111111110000000000000000000000000000000000000000000000000001111111110000000000000000000000
00000000000000000000000000011111111111111111111111111111111111111111111110000000000000000000000000000000000000000000000000000000000000000000000000000000000000000000000000000000000000000000000000011111111111111111111111111100000000000000000000000000000000000000000000000000000000000000000000000000001111111111111111111111111111111111111111111111111111111111111111111111111111111111111111111000000000000000000000000000000000000000000000000000000000000000000000000000000001111111110000000000000000000000
00000000000000000000000000011111111111111111111111111111111111111110000000000000000000000000000000000000000000000000000000000000000000000000000000000000000000000000000000000000000000000000000000011111111111111111111111111000000000000000000000000000000000000000000000000000000000000000000000000000001111111111111111111111111111111111111111111111111111111111111111111111111111111111111111111000000000000000000000000000000000000000000000000000000000000000000000000000000001111111100000000000000000000000
00000000000000000000000000011111111111111111111111111111111111100000000000000000000000000000000000000000000000000000000000000000000000000000000000000000000000000000000000000000000000000000000000011111111111111111111111111000000000000000000000000000000000000000000000000000000000000000000000000000011111111111111111111111111111111000000000000000000000000000000000000000000000000000000000000000000000000000000000000000000000000000000000000000000000000000000000000000000001111111000000000000000000000000
000000000000000000000000000ccccccccbbbbbbbbbbbbbbbbbbbbbbbbbbbbaaaaaaaaaa999999999999999999888888888888888888888887777777777777777777777777777777777777777777777777777778888888888888888888877777779999999999999999999999999987777766666666666666666666666666666666666666666666666666666777777777777777778999999999aaaaaaaaaaaaaaaaaaaaaaaaaaaaaaaaaaaaaaaaaaaaaaaaaaaaaaaaaaaaaaaaaaaaaaaaaaaaaaaaaa998888888888888888888888888887777777777777777777777777777777777777777777777777779999999876655400000000000000000
0000000000000000000000000003333333455555666666666666666666666665555444444333444444444444444555556666666666666666665555555555555555555555555555555555555555555555555555554444444444444444444455555558999999999999999999999999975554455555556666666666666666666666666667777777777777777777666666666666666678aaa999999888887777777777777777766666666666666666666666666666666655555555555566666666666666644555555555555555555555555556555555555555555555555555555555555555566666666666666aaaaaaaa97654300000000000000000
00000000000000000000000000000000000000000000000000000000000000000000000000000000000000000000000000000000000000000000000000000000000000000000000000000000000000000000000000000000000000000000000000000000000000000000000000000000000000000000000000000000000000000000000000000000000000000000000000000000000000000000000000000000000000000000000000000000000000000000000000000000000000000000000000000000000000000000000000000000000000000000000000000000000000000000000000000000000000000000000000000000000000000000
00000000000000000000000000099999999999999999999999999999999999999999999999999999999999999999999999999999999999999999999999999999999999999999999999999999999999999999999999999999999999999999999999999999999999999999999999999999999999999999999999999999999999999999999999999999999999999999999999999999999999999999999999999999999999999999999999999999999999999999999999999999999999999999999999999999999999999999999999999999999999999999999999999999999999999999999999999999999999999999999999900000000000000000
00000000000000000000000000000000000100000000000000000000000000000000000000000000000000000000000000000000000000000000000000000000000000000000000000000000000000000000000010000000000000000000100000000000000000000000000000000100000000000000000000000000000000000000000000000000000000001000000000000000000000000000000000000000000000000000000000000000000000000000000000000000000000000000000000000100000000000000000000000000000000000000000000000000000000000000000000000000000000000000100000000000000000000000
(27.0,3.5477645486474745)-(482.0,334.12461479108663)

-----------------------theta = 90.0, rho = 330.0
00000000000000000000000000000000001111111111111111111110000000000000000011111111111111100000000000000000000000000000111111111111111111111111111111111111111111111111111111000000000000000000000000000000000000000000000000000000000000000000000111111110000000000000000000000000000000000000000000011111110000000000000000000000000000000000000000000000000000000000000000000000000000000000000000000000000000000000000000000000000000000000000000000000000000000000000000000000000000000000000000000000000000000000
00000000000000000000000000000000001111111111111111111110000000000000000011111111111111100000000000000000000000000000111111111111111111111111111111111111111111111111111111000000000000000000000000000000000000000000000000000000000000000000000111111110000000000000000000000000000000000000000000011111110000000000000000000000000000000000000000000000000000000000000000000000000000000000000000000000000000000000000000000000000000000000000000000000000000000000000000000000000001111111100000000000000000000000
00000000000000000000000000111111111111111111111111111111111111111111111111111111111111111111110000000000001111111111111111111111111111111111111111111111111111111111111111111111111111111111111111111111111111111111111111111111111111111111111111111111111100000000000000000000000000000000001111111111110000000000000000000000000000000000000000000000000000000000000000000000000000000000000000000000000000000000000000000000000000000000000000000000000000000000000000000000000001111111100000000000000000000000
00000000000000000000000000111111111111111111111111111111111111111111111111111111111111111111110000000000001111111111111111111111111111111111111111111111111111111111111111111111111111111111111111111111111111111111111111111111111111111111111111111111111100000000000000000000000000000000001111111111110000000000000000000000000000000000000000000000000000000000000000000000000000000000000000000000000000000000000000000000000000000000000000000000000000000000000000000000000111111111111000000000000000000000
00000000000000000000000000111111111111111111111111111111111111111111111111111111111111111111111111111111111111111111111111111111111111111111111111111111111111111111111111111111111111111111111111111111111111111111111111111111111111111111111111111111111111110000000000000000001111111111111111111111111111111111111111111111111111111111111111110000000000000000000000000000000000000000000000000000000000000000000000000000000000000000000000000000000000000000000111111111111111111111111000000000000000000000
00000000000000000000000000111111111111111111111111111111111111111111111111111111111111111111111111111111111111111111111111111111111111111111111111111111111111111111111111111111111111111111111111111111111111111111111111111111111111111111111111111111111111110000000000000000001111111111111111111111111111111111111111111111111111111111111111110000000000000000000000000000000000000000000000000000000000000000000000000000000000000000000000000000000000000000000111111111111111111111111110000000000000000000
00000000000000000000000000000000000000000000000000000000000000000001111111111111111111111111111111111111111111110000000011111111111111111111111111111111111111111111111111111111111111111111111111111111111111111111111111111111111111111111111111111111111111111111111110000000011111111111111111111111111111111111111111111111111111111111111111111111111111111111111000000000111111111111111111111111111111111111111111111111111111111111111111111111111111111111111111111111111111111111111110000000000000000000
00000000000000000000000000000000000000000000000000000000000000000001111111111111111111111111111111111111111111110000000011111111111111111111111111111111111111111111111111111111111111111111111111111111111111111111111111111111111111111111111111111111111111111111111110000000011111111111111111111111111111111111111111111111111111111111111111111111111111111111111000000000111111111111111111111111111111111111111111111111111111111111111111111111111111111111111111111111111111111111111111000000000000000000
00000000000000000000000000000000000000000000000000000000000000000000000000000000000000000000000000000000000000000000000000000000000000000000000000000000000000000000000000000000000000000000000000000000000000000000000000000000000000000000000000111111111111111111111111111111111111111111110000000000011111111111111111111111111111111111111111111111111111111100000000000001111111111111111111111111111111111111111111111111111111111111111111111111111111111111111111111111111111111111111111000000000000000000
00000000000000000000000000000000000000000000000000000000000000000000000000000000000000000000000000000000000000000000000000000000000000000000000000000000000000000000000000000000000000000000000000000000000000000000000000000000000000000000000000111111111111111111111111111111111111111111110000000000011111111111111111111111111111111111111111111111111111111100000000000001111111111111111111111111111111111111111111111111111111111111111111111111111111111111111111111111111111111111111111100000000000000000
00000000000000000000000000000000000000000000000000000000000000000000000000000000000000000000000000000000000000000000000000000000000000000000000000000000000000000000000000000000000000000000000000000000000000000000000000000000000000000000000000000000000000000000000000000000000000000000000000000000000000000000000000000000000000000000000000000000000000000000000000000000000000000000000000000000000000000000000000000000001111111111110000000000000000000000000000000000011111111111111111100000000000000000
00000000000000000000000000000000000000000000000000000000000000000000000000000000000000000000000000000000000000000000000000000000000000000000000000000000000000000000000000000000000000000000000000000000000000000000000000000000000000000000000000000000000000000000000000000000000000000000000000000000000000000000000000000000000000000000000000000000000000000000000000000000000000000000000000000000000000000000000000000000001111111111110000000000000000000000000000000000011111111111111111100000000000000000
00000000000000000000000000000000000000000000000000000000000000000000000000000000000000000000000000000000000000000000000000000000000000000000000000000000000000000000000000000000000000000000000000000000000000000000000000000000000000000000000000000000000000000000000000000000000000000000000000000000000000000000000000000000000000000000000000000000000000000000000000000000000000000000000000000000000000000000000000000000000000000000000000000000000000000000000000000000011111111111111111100000000000000000
0000000000000000000000000055555555444444444444444444444555555555555666665555555555555556666666777777777777666666555544445555555555555555555555555555555555555555555555555566666666666666666666666666666666666666666666666666666666666666666666655566666777778888999999999aaaaaaaa9888888888888666665555556888888888888888888888888888888888888888888999999999999998888800000000a99999999999999999999999999999999999999999999999999aaaaaaaaaaaa9999999999999999999999999888888888899998888888899aabc00000000000000000
00000000000000000000000000444444446666666666666666666664444444444446666688888888888888866666664444444444446666664444666688888888888888888888888888888888888888888888888888666666666666666666666666666666666666666666666666666666666666666666666888aaaaa88888666644444444422222222466666666666666666888888a6666666666666666666666666666666666666666664444444444444422222000000002444444444444444444444444444444444444444444444444446666666666664444444444444444444444444666666666699aaccccccccaa886400000000000000000
00000000000000000000000000000000001100000000000000000000000000000000000000000000000000000000000000000000000000000000000000000000000000000000000000000000000000000000000000000000000000000000000000000000000000000000000000000000000000000000000000000000000000000000000000000000000000000000000000000000000000000000000000000000000000000000000000000000000000000000000000000000000000000000000000000000000000000000000000000000000000000000000000000000000000000000000000000000000000000000000000000000000000000000
00000000000000000000000000999999999999999999999999999999999999999999999999999999999999999999999999999999999999999999999999999999999999999999999999999999999999999999999999999999999999999999999999999999999999999999999999999999999999999999999999999999999999999999999999999999999999999999999999999999999999999999999999999999999999999999999999999999999999999999999000000009999999999999999999999999999999999999999999999999999999999999999999999999999999999999999999999999999999999999999999900000000000000000
00000000000000000000000000000000001000000000000000000001000000000000000010000000000000010000000000000000001000000000000010000000000000000000000000000000000000000000000000100000000000000000000000000000000000000000000000000000000000000000000100100000000000000000000000000000010000000000000000010000010000000000000000000000000000000000000000001000000000000010000000000000100000000000000000000000000000000000000000000000001000000000001000000000000000000000000000000000010001000000010000000000000000000000
(26.0,330.0)-(482.0,329.99999999999994)

-----------------------theta = 0.0, rho = 27.0
000000000000000000000000000000000000000000000000000000000000000000000000000000000000000000000000000000000000000000000000000000000000000000000000000000000000000000000000000000000000000000000000000000000000000000000000000000000000000000000000000000000000000000000000000000000000000000000000000000000000000000000000000000000000000000000000000000000000000000000000000000000
000000000000000000000000000000000000000000000000000000000000000000000000000000000000000000000000000000000000000000000000000000000000000000000000000000000000000000000000000000000000000000000000000000000000000000000000000000000000000000000000000000000000000000000000000000000000000000000000000000000000000000000000000000000000000000000000000000000000000000000000000000000
000000000000000000000000000000000000000000000000000000000000000000000000000000000000000000000000000000000000000000000000000000000000000000000000000000000000000000000000000000000000000000000000000000000000000000000000000000000000000000000000000000000000000000000000000000000000000000000000000000000000000000000000000000000000000000000000000000000000000000000000000000000
000000000000000000000000000000000000000000000000000000000000000000000000000000000000000000000000000000000000000000000000000000000000000000000000000000000000000000000000000000000000000000000000000000000000000000000000000000000000000000000000000000000000000000000000000000000000000000000000000000000000000000000000000000000000000000000000000000000000000000000000000000000
000000000000000000000000000000000000000000000000000000000000000000000000000000000000000000000000000000000000000000000000000000000000000000000000000000000000000000000000000000000000000000000000000000000000000000000000000000000000000000000000000000000000000000000000000000000000000000000000000000000000000000000000000000000000000000000000000000000000000000000000000000000
000000000000000000000000000000000000000000000000000000000000000000000000000000000000000000000000000000111111111111111111111111111111111111111111111111111111111111000000000000000000000000000000000000000000000000000000000000000000000000000000000000000000000011111111111111000000011111111111111111111111111111111111111111111111111111000000000000000000000000000000000000000
000000000000000000000000000000000000000000000000000000000000000000000000000000000000000000000000000000111111111111111111111111111111111111111111111111111111111111000000000000000000000000000000000000000000000000000000000000000000000000000000000000000000000011111111111111000000011111111111111111111111111111111111111111111111111111000000000000000000000000000000000000000
000000000000000001111111111111111111111111111111111111111111111111111111111111111111111111111111111111111111111111111111111111111111111111111111111111111111111111111110000000111111111111111111111111111111111111111111111111111111111100000000001111111111111111111111111111111111111111111111111111111111111111111111111111111111111111100000000000000000000000000000000000000
000000000000000001111111111111111111111111111111111111111111111111111111111111111111111111111111111111111111111111111111111111111111111111111111111111111111111111111110000000111111111111111111111111111111111111111111111111111111111100000000001111111111111111111111111111111111111111111111111111111111111111111111111111111111111111100000000000000000000000000000000000000
111111111111111111111111111111111111111111111111111111111111111111111111111111111111111111111111111111111111111111111111111111111111111100000000000000000000000000000000000000000000000000000000000000000000000000000000000000000000000000000000011111111111111111111111111111111111111111111111111111111111111111111000000000000000000000000000000000000000000000000000000000000
111111111111111111111111111111111111111111111111111111111111111111111111111111111111111111111111111111111111111111111111111111111111111100000000000000000000000000000000000000000000000000000000000000000000000000000000000000000000000000000000011111111111111111111111111111111111111111111111111111111111111111111000000000000000000000000000000000000000000000000000000000000
111111111111111111111111111111111111111111111111111111100000000000000000000000000000000000000000000000000000000000000000000000000000000000000000000000000000000000000000000000000000000000000000000000000000000000000000000000000000000000000000000000000000000000000000000000000001111111111110000000000000000000000000000000000000000000000000000000000000000000000000000000000
111111111111111111111111111111111111111111111111111111100000000000000000000000000000000000000000000000000000000000000000000000000000000000000000000000000000000000000000000000000000000000000000000000000000000000000000000000000000000000000000000000000000000000000000000000000001111111111110000000000000000000000000000000000000000000000000000000000000000000000000000000000
000000011111111110000000000000000000000000000000000000000000000000000000000000000000000000000000000000000000000000000000000000000000000000000000000000000000000000000000000000000000000000000000000000000000000000000000000000000000000000011111110000000000000000000000000000000000000111111110000000000000000000000000000000000000000000000000000000000000000000000000000000000
000000011111111110000000000000000000000000000000000000000000000000000000000000000000000000000000000000000000000000000000000000000000000000000000000000000000000000000000000000000000000000000000000000000000000000000000000000000000000000011111110000000000000000000000000000000000000111111110000000000000000000000000000000000000000000000000000000000000000000000000000000000
cccccccddddddddddbbbbbbbbbbbbbbbbbbbbbbbbbbbbbbbbbbbbbbaaaaaaaaaaaaaaaaaaaaaaaaaaaaaaaaaaaaaaaaaaaaaaa9999999999999999999999999999999999888888888888888888888888889999900000009999999999999999999999999999999999999999999999999999999999000ffffffdaaaaaaaaaaaaaa99999999999999aaaaabbaabbbbbbbb9999999999999999999999888888888888888888888900000000000000000000000000000000000000
444444466666666666666666666666666666666666666666666666644444444444444444444444444444444444444444444444666666666666666666666666666666666644444444444444444444444444222220000000222222222222222222222222222222222222222222222222222222222200022222244444444444444466666666666666444446688aaaaaaaa6666666666666666666666444444444444444444444200000000000000000000000000000000000000
000000011100000000000000000000000000000000000000000000000000000000000000000000000000000000000000000000000000000000000000000000000000000000000000000000000000000000000000000000000000000000000000000000000000000000000000000000000000000000000000011111111111111111111111111111111110011000000001111111100000000000000000000000000000000000000000000000000000000000000000000000000
999999999999999999999999999999999999999999999999999999999999999999999999999999999999999999999999999999999999999999999999999999999999999999999999999999999999999999999990000000999999999999999999999999999999999999999999999999999999999900099999999999999999999999999999999999999999999999999999999999999999999999999999999999999999999999900000000000000000000000000000000000000
000000010000000000000000000000000000000000000000000000010000000000000000000000000000000000000000000000100000000000000000000000000000000010000000000000000000000000100000000000000000000000000000000000000000000000000000000000000000000000000000000000000000000010000000000000100000010100000000000000000000000000000100000000000000000000100000000000000000000000000000000000000
(27.0,1.0)-(27.0,330.0)

-----------------------theta = 147.0, rho = -19.0
000000000000000000000000000000000000000000000000000000000000000000000000000000000000000000000000000000000000000000000000000000000000000000000000000000000000000000000000000000000000000000000000000000000000000000000000000000000000000000000000000000000000000000000000000000000000000000000000000000000000000000000000000000000000000000000000000000000000000000000000000000000
000000000000000000000000000000000000000000000000000000000000000000000000000000000000000000000000000000000000000000000000000000000000000000000000000000000000000000000000000000000000000000000000000000000000000000000000000000000000000000000000000000000000000000000000000000000000000000000000000000000000000000000000000000000000000000000000000000000000000000000000000000000
000000111111100000000000000000000000000000000000000000000000000000000000000000000000000000000011111111111111111111111111111111000000000000000000000000000000000000000000000000000000000000000000000000000000000000000000000000000000000000000000000000000000000000000000000000000000000000000000000000000000000000000000000000000000000000000000000000000000000000000000000000000
000000111111100000000111111111111111111111111111111111111111111111111111111111111111111111111111111111111111111111111111111111111111111111111111111111111111111111111111111110000000000000000000000000000000000000000000000000000000000000000000000000000000000000000000000000000000001111111000000000000000000000000000001111111111111111100000000000000000000000000000000000000
111111111111111111111111111111111111111111111111111111111111111111111111111111111111111111111111111111111111111111111111111111111111111111111111111111111111111111111111111111111111111111110000000000000000000000000000000000000000000000000000000000000000000000000000000000000000001111111100000000000000000000000000111111111111111111100000000000000000000000000000000000000
111111111111111111111111111111111111111111111111111111111111111111111111111111111111111111111111111111111111111111111111111111111111111111111111111111111111111111111111111111111111111111111111100000000000000000000000000000000000000000000000000000000000000000000000000000000000001111111110000000000000000000000001111111111111111111100000000000000000000000000000000000000
111111111111111111111111111111111111111111111111111111111111111111111111111111111111111111111111111111111111111111111111111111111111111111111111111111111111111111111111111111111111111111111111111100000000000000000000000000000000000000000000000000000000000000000000111111100000001111111110000000000000000000111111111111111111111111100000000000000000000000000000000000000
000000011111111111111111111111111111111111111111111111111111111111111111111111111111111111111111111111111111111111111111111111111111111111111111111111111111111111111111111111111111111111111111111111111111111111111111111111111111111111111111111111111111111111111111111111111111111111111111111111111111111111111111111111111111111111110000000000000000000000000000000000000
000000001111111111111111111111111111111111111111111111111111111111111111111111111111111111111111111111100000000000000000000000011111111111111111111111111111111111111111111111111111111111111111111111111111111111111111111111111111111111111111111111111111111111111111111111111111111111111111111111111111111111111111111111111111111111110000000000000000000000000000000000000
000000000000000000000000000000000000000000000000000000111111111111111111111111111100000000000000000000000000000000000000000000000000000000000000000000000000000000000000000000000000000000000000000000000000000111111111111111111111111111111111111111111111111111111111111111111111111111111111111111111111111111111111111111111111111111110000000000000000000000000000000000000
000000000000000000000000000000000000000000000000000000000000000000000000000000000000000000000000000000000000000000000000000000000000000000000000000000000000000000000000000000000000000000000000000000000001111111111111111111111111111111111111111111111111111111111111111111111111111111111111111111111111111111111111111111111111111111110000000000000000000000000000000000000
000000000000000000000000000000000000000000000000000000000000000000000000000000000000000000000000000000000000000000000000000000000000000000000000000000000000000000000000000000000000000000000000000000000001111111111111111111111111111111111100000000000000000000000000000000000000111111111111111111111111111111111111111111111111111111110000000000000000000000000000000000000
000000000000000000000000000000000000000000000000000000000000000000000000000000000000000000000000000000000000000000000000000000000000000000000000000000000000000000000000000000000000000000000000000000000001111111111111111111111111111111000000000000000000000000000000000000000000000000000011111110000000000000000000000000000000000000000000000000000000000000000000000000000
000000000000000000000000000000000000000000000000000000000000000000000000000000000000000000000000000000000000000000000000000000000000000000000000000000000000000000000000000000000000000000000000000000000000000000000000000000001111111111000000000000000000000000000000000000000000000000000000000000000000000000000000000000000000000000000000000000000000000000000000000000000
000000000000000000000000000000000000000000000000000000000000000000000000000000000000000000000000000000000000000000000000000000000000000000000000000000000000000000000000000000000000000000000000000000000000000000000000000000000000000000000000000000000000000000000000000000000000000000000000000000000000000000000000000000000000000000000000000000000000000000000000000000000
66666656666667777777777777777777777777777777777777777777777777777777777777777777777777777777776666666666666666666666666666666667777777777777777777777777777777777777777777777777777777777777888888889999999bbbbbbbbbbbbbbbbbbbbbbbbbbbbbbbaaaaaaaaaaaaaaaaaaaaaaaaaaaaaa9999999aaaaaaa88888889abbbbbbaaaaaaaaaaaaaaaaaa99988888888888888888a0000000000000000000000000000000000000
333333567777755555555666666666666666666666666666666666777777777777777777777777777766666666666677777777766666666666666666666666566666666666666666666666666666666666666666666665555555555555554444433322222225555666666666666666667777777777555544444444444444444444444444555555544444559999999886666665555555555555666667889999999999999999950000000000000000000000000000000000000
000000100000000000000000000000000000000000000000000000000000000000000000000000000000000000000000000000000000000000000000000000000000000000000000000000000000000000000000000000000000000000000000000000000000000000000000000000000000000000000000000000000000000000000000000000000000000000000000000000000000000000000000000000000000000000000000000000000000000000000000000000000
999999999999999999999999999999999999999999999999999999999999999999999999999999999999999999999999999999999999999999999999999999999999999999999999999999999999999999999999999999999999999999999999999999999999999999999999999999999999999999999999999999999999999999999999999999999999999999999999999999999999999999999999999999999999999999990000000000000000000000000000000000000
000000110000000000000000000000000000000000000000000000000000000000000000000000000000000000000010000000000000000000000000000000010000000000000000000000000000000000000000000000000000000000001000000000000000000000000000000000000000000000100000000000000000000000000000000000010000000000000100000001000000000000000000000000000000000000000000000000000000000000000000000000000
(23.304310157080508,1.0)-(237.6088159122589,331.0)

-----------------------theta = 173.0, rho = -81.0
000000000000000000000000000000000000000000000000000000000000000000000000000000000000000000000000000000000000000000111111111000000000000000000000000000000000000000000000000000000000000000000000000000000000000000000000000000000111111111110000000000000000000000000000111111111111000000000000000000000000000000000000000000000000000000000000000000000000000000000000000000000
000000000000000000000000000000000000000000000000000000000000000000000000000000000000000000000000000000000000000011111111111000000000000000000000000000000000000000000000000000000000000000000000000000000000000000000000000000000111111111111111000000000000000000000001111111111111111111111111100000000000000000000000000000000000000000000000000000000000000000000000000000000
000000000000000000000000000000000000000000000000000000000000000000000000000000000000000000000000000000000000000111111111111000000000000000000000000000000000000000000000000000000000000000000000000000000000000000000000000000000111111111111111111100000000000000000001111111111111111111111111111111111111000000000000000000000000000000000000000000000000000000000000000000000
000000000000000000000000000000000000000000000000000000000000000000000000000000000000000000000000000000000000000000000000000000000000000000000000000000000000000000000000000000000000000000000000000000000000000000000000000000000111111111111111111100000000000000000011111111111111111111111111111111111111000000000000000000000000000000000000000000000000000000000000000000000
000000000000000000000000000000000000000000000000000000000000000000000000000000000000000000000000000000000000001111111000000000000000000000000000000000000000000000000000000000000000000000000000000000000000000000000000000000000111111111111111111100000000000000000000000011111111111111111111111111111111100000000000000000000000000000000000000000000000000000000000000000000
000000000000000000000000000000000000000000000000000000000000000000000000000000000000000000000000000000000000111111100000000000000000000000000000000000000000000000000000000000000000000000000000000000000000000000000000000000000000000011111111111111110000000000000000000000001111111111111111111111111111100000000000000000000000000000000000000000000000000000000000000000000
000000000000000000000000000000000000000000000000000000000000000000000000000000000000000000000000000000000000111111100000000000000000000000000000000000000000000000000000000000000000000000000000000000000000000000000000000000000000000000001111111111111000000000000000000000000000111111111111111111111111100000000000000000000000000000000000000000000000000000000000000000000
000000000000000000000000000000000000000000000000000000000000000000000000000000000000000000000000000000000001111111000000000000000000000000000000000000000000000000000000000000000000000000000000000000000000000000000000000000000000000000000111111111111000000000000000000000000000000001111111111111111111100000000000000000000000000000000000000000000000000000000000000000000
000000000000000000000000000000000000000000000000000000000000000000000000000000000000000000000000000000000000000000000000000000000000000000000000000000000000000000000000000000000000000000000000000000000000000000000000000000000000000000000111111111111100000000000000000000000000000000000000000001111111000000000000000000000000000000000000000000000000000000000000000000000
000000000000000000000000000000000000000000000000000000000000000000000000000000000000000000000000000000000111111100000000000000000000000000000000000000000000000000000000000000000000000000000000000000000000000000000000000000000000000000000000111111111100000000000000000000000000000000000000000001111111000000000000000000000000000000000000000000000000000000000000000000000
000000000000000000000000000000000000000000000000000000000000000000000000000000000000000000000000000000011111111000000000000000000000000000000000000000000000000000000000000000000000000000000000000000000000000000000000000000000000000000000000000000000000000000000000000000000000000000000000000000000000000000000000000000000000000000000000000000000000000000000000000000000
000000000000000000000000000000000000000000000000000000000000000000000000000000000000000000000000000000000000000000000000000000000000000000000000000000000000000000000000000000000000000000000000000000000000000000000000000000000000000000000000000000000000000000000000000000000000000000000000000000000000000000000000000000000000000000000000000000000000000000000000000000000
000000000000000000000000000000000000000000000000000000000000000000000000000000000000000000000000000000000000000000000000000000000000000000000000000000000000000000000000000000000000000000000000000000000000000000000000000000000000000000000000000000000000000000000000000000000000000000000000000000000000000000000000000000000000000000000000000000000000000000000000000000000
000000000000000000000000000000000000000000000000000000000000000000000000000000000000000000000000000011111110000000000000000000000000000000000000000000000000000000000000000000000000000000000000000000000000000000000000000000000000000000000000000000000000000000000000000000000000000000000000000000000000000000000000000000000000000000000000000000000000000000000000000000000
000000000000000000000000000000000000000000000000000000000000000000000000000000000000000000000000000000000000000000000000000000000000000000000000000000000000000000000000000000000000000000000000000000000000000000000000000000000000000000000000000000000000000000000000000000000000000000000000000000000000000000000000000000000000000000000000000000000000000000000000000000000
0000000000000000000000000000000000000000000000000000000000000000000000000000000000000000000000000000eeeddcca998766433222222000000000000000000000000000000000000000000000000000000000000000000000000000000000000000000000000000000333333344445666777788889a00000000000043333333334444555555555555566667777777700000000000000000000000000000000000000000000000000000000000000000000
000000000000000000000000000000000000000000000000000000000000000000000000000000000000000000000000000011122333556666644333333000000000000000000000000000000000000000000000000000000000000000000000000000000000000000000000000000000555555566666888888855554200000000000013444455556666666667777777766668888888400000000000000000000000000000000000000000000000000000000000000000000
000000000000000000000000000000000000000000000000000000000000000000000000000000000000000000000000000000011111111111111111111000000000000000000000000000000000000000000000000000000000000000000000000000000000000000000000000000000000000011101111111111111100000000000001111111110000000000000000000000000000000000000000000000000000000000000000000000000000000000000000000000000
000000000000000000000000000000000000000000000000000000000000000000000000000000000000000000000000000011111111111111111111111000000000000000000000000000000000000000000000000000000000000000000000000000000000000000000000000000000111111111111111111111111100000000000099999999999999999999999999999999999999900000000000000000000000000000000000000000000000000000000000000000000
000000000000000000000000000000000000000000000000000000000000000000000000000000000000000000000000000000010000100000010000000000000000000000000000000000000000000000000000000000000000000000000000000000000000000000000000000000000000000011111111111111111000000000000001000000001000000000000000000000000000000000000000000000000000000000000000000000000000000000000000000000000
(0.0,0.0)-(0.0,0.0)

