-----------------------theta = 89.0, rho = 378.0
00000000000000000000000000000000000000000000000000000000000000000000000000011111111111000000000000000000000000001111111111111111000000000000000000000000000000000000000000000000000000000000000000000000000000000000000000000000000011111111111110000000000001111111111111100000000000000000000000000000000000000000000000000000000000000000000000000000000000000000000000000000000111111111111111111111000000000000000000000000111111111100000000000000000000000000000000000000000000000000000000000000000000000000
00000000000000000000000000000000000000000000000000000000000000000000000000000111111111111100000000000000000000001111111111111110000000000000000000000000000000000000000000000000000000000000000000000000000000000000000000000000000011111111111111111111111111111111111111100000000000000000000000000000000000000000000000000000000000000000000000000000000000000000000000000000000000111111111111111111000000000000000000011111111000000000000000000000000000000000000000000000000000000000000000000000000000000000
00000000000000000000000000000000000000000000000000000000000000000000000000000111111111111110000000000000000000011111111111111110000000000000000000000000000000000000000000000000000000000000000000000000000000000000000000000000000001111111111111111111111111111111111100000000000000000000000000000000000000000000000000000000000000000000000000000000000000000000000000000000000000111111111111111111111111111110000000011111111000000000000000000000000000000000000000000000000000000000000000000000000000000000
00000000000000000000000000000000000000000000000000000000000000000000000000111111111111111110000000000000000000011111111111111100000000000000000000000000000000000000000000000000000000000000000000000000000000000000000000000000000001111111111111111111111111111111111100000000000000000000000000000000000000000000000000000000000000000000000000000000000000000000000000000000000000111111111111111111111111111111111111111111111000000000000000000000000000000000000000000000000000000000000000000000000000000000
00000000000000000000000000000000000000000011111111111111111111111110000000111111111111111111111111111111111111111111111111111100000000000000000000000000000000000000000000000000000000000000000000000000000000000000000000000000000111111111111111111111111111111111110000000000000000000000000000000000000000000000000000000000000000000000000000000000000000000000000000000000000000111111111111111111111111111111111111111111111000000000000000000000000000000000000000000000000000000000000000000000000000000000
00000000001111111111111111111111111111111111111111111111111111111111111111111111111111111111111111111111111111111111111111111111111111111111111111100000000000000000000000001111111111111000000001111111111100000000000000000000000111111111111111111111111111111111110000000000000000000000000000000000000000000000000000000000000000000000000000000000000000000000000000000000000001111111111111111111111111111111111111111111111111111111111110000000000000000000000000000000011111111111111111110000000000000000
00000000001111111111111111111111111111111111111111111111111111111111111111111111111111111111111111111111111111111111111111111111111111111111111111111111111111111111111111111111111111111000000001111111111111111111111111111111111111111111111111111111111111111111110000000000000111111100000000000000000000000000000000000000000000000000000000001111111100000000000000000000000001111111111111111111111111111111111111111111111111111111111111111111111111111111111111111111111111111111111111110000000000000000
00000000000111111111111111111111111111111111111111111111111111111111111111111111111111111111111111111111111111111111111111111111111111111111111111111111111111111111111111111111111111111111111111111111111111111111111111111111111111111111111111111111111111111111100000000000000111111100000000111111111111111111111111111110000000000000000000001111111111111111111111111111111111111111111111111111111111111111111111111111111111111111111111111111111111111111111111111111111111111111111111111000000000000000
00000000000111111111111111111111111111111111111111100000001111111111111111111111111111111111111111111111111111111111111111111111111111111111111111111111111111111111111111111111111111111111111111111111111111111111111111111111111111111111111111111111111111111111111111111111111111111111111111111111111111111111111111111111111111111111111111111111111111111111111111111111111111111111111111111111111111111111111111111111111111111111111111111111111111111111111111111111111111111111111111111000000000000000
00000000000000000000000000000000111111111111111111100000000000000000000000000000000000001111111111111111111111111111111111111111111111111111111111111111111111111111111111111111111111111111111111111111111111111111111111111111111111111111111111111111111111111111111111111111111111111111111111111111111111111111111111111111111111111111111111111111111111111111111111111111111111111111111111111111111111111111111111111111111111111111111111111111111111111111111111111111111111111111111111111000000000000000
00000000000000000000000000000000000000000000000000000000000000000000000000000000000000001111111111111000000000000000001111111111111111111111111111111111111111111111111000000000000011111111111111111111111111111111111111111110000000000111111111111111111111111111111111111111111111111111111111111111111111111111111111111111111111111111111111111111111111111111111111111111111111111111111111111111111111111111111111111111111111111111111111111111111111111111111111111111111111111111111111111000000000000000
00000000000000000000000000000000000000000000000000000000000000000000000000000000000000000011111111111000000000000000000000000000000000000000000000011111111111111111111000000000000000011111111111111111111111111111111111111110000000000011111111111111000000000000000000111111111111111111111111111100000000000000000000000000000000001111111111111111111111111111111111100000000000001111111111111111111111111111111111111111111111111111111111111111111111111111111111111111111111111111111111110000000000000000
00000000000000000000000000000000000000000000000000000000000000000000000000000000000000000000000000000000000000000000000000000000000000000000000000000000000000000000000000000000000000011111111111111111111000000000000000000000000000000011111111111111000000000000000000000000000000000000000000000000000000000000000000000000000000000000000000000000000011111111111111100000000000000000000000000000000000000000011111111111111111111111111111111111111111111111111111111111111111111111111111110000000000000000
000000000078888888888888888888888888888888888888888777777777777777788888887665555555556677899999999998888888888766666666666666789999999999999999999aaaaaaaaaaaaaaaaaaaa9999988888888999aabbbbbbbbaaaaaaaaaa9aaaaaaaaaaaaaaaaaaa99998666666777777788888887777766666666666778bbbbbbbbaaaaaaabbbbbbbbaaaaaaaaaaaaaaaaaaaaaaaaaaaaaaaaaaaaaabbbbbbbbbbbbaaaaaaaabbbbbbbbbbbbbbbaaaaaaaa8886677777777777777778888888888888999999888887779999999aaaaaaaaaaaaaaaaaaaaaaaaaaaaaaaaaaaaaaaaaaaaaaaaaaaaaaaaaaa000000000000000
0000000000244444444444444444444455555555556666666664444444555555555444444467799999999988aaa888888888866666666668aaaaaabbbbbbbb9766666666666666666666666666666666666666644444555555556668866666666888888888876666666666666666666444468aaaabdddddddcccccccaaaaabbbbbbbba7755644444444666666644444444555544444444444444444444444443333333334444444444446666666666666666666666644444444557bbccccccccccccccccaaaaaaaaaaa99aaaaaacccccddd999999988888887777777777777777777777777777777788888888888888888884000000000000000
00000000000000000000000000000000000000000000000000000000000000000000000000000000000000000000000000000000000000000000000000000000000000000000000000000000000000000000000000000000000000000000000000000000000000000000000000000000000000000000000000000000000000000000000000000000000000000000000000000000000000000000000000000000000000000000000000000000000000000000000000000000000000000000000000000000000000000000000000000000000000000000000000000000000000000000000000000000000000000000000000000000000000000000
00000000009999999999999999999999999999999999999999999999999999999999999999999999999999999999999999999999999999999999999999999999999999999999999999999999999999999999999999999999999999999999999999999999999999999999999999999999999999999999999999999999999999999999999999999999999999999999999999999999999999999999999999999999999999999999999999999999999999999999999999999999999999999999999999999999999999999999999999999999999999999999999999999999999999999999999999999999999999999999999999999000000000000000
00000000000100000000000000000000000000000000000000010000000000000001000000100000000000100000000000000100000000000000000000000010000000000000000000000000000000000000000100000000000010000000000001000000000010000000000000000001000000000010000000000000100000000000000010000000000100000010000000100000000000000000000000000000000000001000000000001000000010000000000000010000000000001000000000000000000000000000000000010000000000000010000000000000000000000000000000000000000000000000000000000000000000000000
(10.0,377.88302935131486)-(484.0,369.6093285753398)

-----------------------theta = 0.0, rho = 483.0
0000000000000000000000000000000000000000000000000000000000000000000000000000000000000000111111111111111000000000000000000000011111111111110000000000000000000000000000000000000000000000000000000000000000000000000000000000000000000000000000000000000000000000000000000000111111111111110000000000000000000000000000000000000000000000000000000000000000000000000000000000000000000000000000000000000
0000000000000000000000000000000000000000000000000000000000000000000000000000000000000000001111111111111111111111111111111111111111111111000000000000000000000000000000000000000000000000000000000000000000000000000000000000000000000000000000000000000000000000000000000000000011111111111111111111111111100000000000000000000000000000000000000000000000000000000000000000000000000000000000000000000
0000000000000000000000000000000000000000000000000000000000000000000000000000000000000000001111111111111111111111111111111111111111111111000000000000000000000000000000000000000000000000000000000000000000000000000000000000000000000000000000000000000000000000000000000000000011111111111111111111111111100000000000000000000000000000000000000000000000000000000000000000000000000000000000000000000
0000000000000000000000000000000000000000000000000000000000000000000000000000000000000000000111111111111111111111111111111111111111111111000000000000000000000000000000000000000000000000000000000000000000000000000000000000000000000000000000000000000000000000000000000000000011111111111111111111111111111111111111111110000000000000000000000000000000000000000000000000000000000000000000000000000
0000000000000000000000000000000000000000000000000000000000000000000000000000000000000000000111111111111111111111111111111111111111111111000000000000000000000000000000000000000000000000000000000000000000000000000000000000000000000000000000000000000000000000000000000000000011111111111111111111111111111111111111111110000000000000000000000000000000000000000000000000000000000000000000000000000
0000000000000000000000000001111111111111111111111111111111111111111111111111111111111111111111111111111111111111111111111111111111111111111111111111111111111111111111111111111111111111111111111111111111111111111111111111111111111111111111111111111111111111111111111111111111111111111111111111111111111111111111111111111111111111111111111111111111111111111111111111111111111000000000000000000
0000000000000000000000000001111111111111111111111111111111111111111111111111111111111111111111111111111111111111111111111111111111111111111111111111111111111111111111111111111111111111111111111111111111111111111111111111111111111111111111111111111111111111111111111111111111111111111111111111111111111111111111111111111111111111111111111111111111111111111111111111111111111000000000000000000
0000000000000000000000000001111111111111111111111111111111111111111111111111111111111111111111111111111111111111111111111111111111111111111111111111111111111111111111111111111111111111111111111111111111111111111111111111111111111111111111111111111111111111111111111111111111111111111111111111111111111111111111111111111111111111111111111111111111111111111111111111111111111000000000000000000
0000000000000000000000000001111111111111111111111111111111111111111111111111111111111111111111111111111111111111111111111111111111111111111111111111111111111111111111111111111111111111111111111111111111111111111111111111111111111111111111111111111111111111111111111111111111111111111111111111111111111111111111111111111111111111111111111111111111111111111111111111111111111000000000000000000
0000000000000000000000000000011111111111111111111111111111111111111111111111111111111111111111111111111111111111111111111111111111111111111111111111111111111111111111111111111111111111111111111111111111111111111111111111111111111111111111111111111111111111111111111111111110000000000111111111000000000000000000000000000011111111111111111111111111111111111111111111111111110000000000000000000
0000000000000000000000000000011111111111111111111111111111111111111111111111111111111111111111111111111111111111111111111111111111111111111111111111111111111111111111111111111111111111111111111111111111111111111111111111111111111111111111111111111111111111111111111111111110000000000111111111000000000000000000000000000011111111111111111111111111111111111111111111111111110000000000000000000
0000000000000000000000000000000000000000000000000000000000000000000000000000000000000000000000000000000000000000000000000000000000000000000000000000000000000000000000000000000000011111111111111111100000000000011111111111111111111111000000000000000000000000000000000000000000000000000000000000000000000000000000000000000000000000000000000000000000000000000000000000000000000000000000000000000
0000000000000000000000000000000000000000000000000000000000000000000000000000000000000000000000000000000000000000000000000000000000000000000000000000000000000000000000000000000000011111111111111111100000000000011111111111111111111111000000000000000000000000000000000000000000000000000000000000000000000000000000000000000000000000000000000000000000000000000000000000000000000000000000000000000
0000000000000000000000000000000000000000000000000000000000000000000000000000000000000000000000000000000000000000000000000000000000000000000000000000000000000000000000000000000000000000000000000000000000000000000000000000000000000000000000000000000000000000000000000000000000000000000000000000000000000000000000000000000000000000000000000000000000000000000000000000000000000000000000000000000
0000000000000000000000000000000000000000000000000000000000000000000000000000000000000000000000000000000000000000000000000000000000000000000000000000000000000000000000000000000000000000000000000000000000000000000000000000000000000000000000000000000000000000000000000000000000000000000000000000000000000000000000000000000000000000000000000000000000000000000000000000000000000000000000000000000
00000000000000000000000000088999999999999999999999999999999999999999999999999999999999998876666666666667777777777777777777777666666666668899999999999999999999999999999999999999999aaaaaaaaaaaaaaaaaa999999999999aaaaaaaaaaaaaaaaaaaaaaa999999999999999999999999999999999999888865555555556777777777666666677777777777777778888899999999999999999999999999999999999999999999999999998000000000000000000
0000000000000000000000000004466666666666666666666666666666666666666666666666666666666666779bbbbbbbbbbbbaaaaaaaaaaaaaaaaaaaaaabbbbbbbbbbb7766666666666666666666666666666666666666666888888888888888888666666666666888888888888888888888886666666666666666666666666666666666667777b9999999998aaaaaaaaa888888866666666666666664444466666666666666666666666666666666666666666666666666664000000000000000000
0000000000000000000000000000000000000000000000000000000000000000000000000000000000000000000000000000000000000000000000000000000000000000000000000000000000000000000000000000000000000000000000000000000000000000000000000000000000000000000000000000000000000000000000000000000000000000000000000000000000000000000000000000000000000000000000000000000000000000000000000000000000000000000000000000000
0000000000000000000000000009999999999999999999999999999999999999999999999999999999999999999999999999999999999999999999999999999999999999999999999999999999999999999999999999999999999999999999999999999999999999999999999999999999999999999999999999999999999999999999999999999999999999999999999999999999999999999999999999999999999999999999999999999999999999999999999999999999999000000000000000000
0000000000000000000000000000010000000000000000000000000000000000000000000000000000000000100000000000000100000000000000000000010000000000001000000000000000000000000000000000000000010000000000000000010000000000010000000000000000000000100000000000000000000000000000000000100001000000001000000000100000010000000000000000000000000000000000000000000000000000000000000000000000001000000000000000000
(483.0,27.0)-(483.0,372.0)

-----------------------theta = 0.0, rho = 9.0
0000000000000000000000000000000000000000000000000000000000000000000000000000000000000000000000000000000000000000000000000000000000000000000000000000000000000000000000000000000000000000000000000000000000000000000000000000000000000000000000000000000000000000000000000000000000000000000000000000000000000000000000000000000000000000000000000000000000000000000000000000000000000000000000000000000
0000000000000000000000000000000000000000000000000000000000000000000000000000000000000000000000000000000000000000000000000000000000000000000000000000000000000000000000000000000000000000000000000000000000000000000000000000000000000000000000000000000000000000000000000000000000000000000000000000000000000000000000000000000000000000000000000000000000000000000000000000000000000000000000000000000
0000000000000000000000000000000000000000000000000000000000000000000000000000000000000000000000000000000000000000000000000000000000000000000000000000000000000000000000000000000000000000000000000000000000000000000000000000000000000000000000000000000000000000000000000000000000000000000000000000000000000000000000000000000000000000000000000000000000000000000000000000000000000000000000000000000
0000000000000000000000000000000000000000000000000000000000000000000000000000000000000000000000000000000000000000000000000000000000000000000000000000000000000000000000000000000000000000000000000000000000000000000000000000000000000000000000000000000000000000000000000000000000000000000000000000000000000000000000000000000000000000000000000000000000000000000000000000000000000000000000000000000
0000000000000000000000000000000000000000000000000000000000000000000000000000000000000000000000000000000000000000000000000000000000000000000000000000000000000000000000000000000000000000000000000000000000000000000000000000000000000000000000000000000000000000000000000000000000000000000000000000000000000000000000000000000000000000000000000000000000000000000000000000000000000000000000000000000
0000000000000000000000000000000001111111111111111111100000000000011111111111111111111111111000000000000000000000000000000000000000000000000000000000000000000000001111111111111110000000000000000000000000000000111111111111111111111111111111111111111111111111111111111111111111111111111111111111111111111111111111111111111111111111111111111111111111111111111111111111111111111100000000000000000
0000000000000000000000000000000001111111111111111111100000000000011111111111111111111111111000000000000000000000000000000000000000000000000000000000000000000000001111111111111110000000000000000000000000000000111111111111111111111111111111111111111111111111111111111111111111111111111111111111111111111111111111111111111111111111111111111111111111111111111111111111111111111100000000000000000
0000000000000000000000000000000011111111111111111111111111111111111111111111111111111111111111111111111111111111111111111111111111111111111111111111111111111111111111111111111111111111111111111111111111111111111111111111111111111111111111111111111111111111111111111111111111111111111111111111111111111111111111111111111111111111111111111111111111111111111111111111111111111111000000000000000
0000000000000000000000000000000011111111111111111111111111111111111111111111111111111111111111111111111111111111111111111111111111111111111111111111111111111111111111111111111111111111111111111111111111111111111111111111111111111111111111111111111111111111111111111111111111111111111111111111111111111111111111111111111111111111111111111111111111111111111111111111111111111111000000000000000
0000000000000000000000000000000011111111111111111111111111111111111111111111111111111111111111111111111111111111111111111111111111111111111111111111111111111111111111111111111111111111111111111111111111111111111111111111111111111111111111111111111111111111111111111111111111111111111111111111111111111111111111111111111111111111111111111111111111111111111111111111111111111111110000000000000
0000000000000000000000000000000011111111111111111111111111111111111111111111111111111111111111111111111111111111111111111111111111111111111111111111111111111111111111111111111111111111111111111111111111111111111111111111111111111111111111111111111111111111111111111111111111111111111111111111111111111111111111111111111111111111111111111111111111111111111111111111111111111111110000000000000
0000000000000000000000000000000000000000000000000001111111111111111111111111111111111111111111111111111111111111111111111111111111111111111111111111111111111111111111111111111111111111111111111111111111111111111111000000000000000000000000000000000000000000000000000000000000000000111111111111111111111111111111111111111111110000000000000000000000000000000011111111111111111111111000000000000
0000000000000000000000000000000000000000000000000001111111111111111111111111111111111111111111111111111111111111111111111111111111111111111111111111111111111111111111111111111111111111111111111111111111111111111111000000000000000000000000000000000000000000000000000000000000000000111111111111111111111111111111111111111111110000000000000000000000000000000011111111111111111111111000000000000
0000000000000000000000000000000000000000000000000000000000000011111111111111111000000000000000111111111111111111111111111111111111111111111111000000000000000000000000000000000000000000000000000000000000000000000000000000000000000000000000000000000000000000000000000000000000000001111111111111111111111111111100000000000000000000000000000000000000000000000000000000000000000000000000000000000
0000000000000000000000000000000000000000000000000000000000000011111111111111111000000000000000111111111111111111111111111111111111111111111111000000000000000000000000000000000000000000000000000000000000000000000000000000000000000000000000000000000000000000000000000000000000000001111111111111111111111111111100000000000000000000000000000000000000000000000000000000000000000000000000000000000
00000000000000000000000000000000a999999999999999999aabbbbbbbbbcccbbbbbbbbbbbbbbaaaaaaaaaaaabbbccccccccccccccccccccccccccccccccccccccccccccccccbbbbbbbbbbbbbbbbbbbbaaaaaaaaaaaaaaabbbbbbbbbbbbbbbbbbbbbbbbbbbbbbbaaaaaa99999999999999999999999999999999999999999999999999999999999999999abbbbbbbbbbbbbbbbbbbbbbbbbbbbaaaaaaaaaaaaaaaa99999999999999999999999999999999aaaaaaaaaaaaaaaaaabbccd000000000000
00000000000000000000000000000000466666666666666666688666666666888aaaaaaaaaaaaaa888888888888666888888888888888888888888888888888888888888888888666666666666666666668888888888888886666666666666666666666666666666888888666666666666666666666666666666666666666666666666666666666666666668aaaaaaaaaaaaaaaaaaaaaaaaaaaa88888888888888886666666666666666666666666666666688888888888888888866442000000000000
0000000000000000000000000000000001111111110000000000000000000000000000000000000000000000000000000000000000000000000000000000000000000000000000000000000000000000000000000000000000000000000000000000000000000000000000000000000000000000000000000000000000000000000000000000000000000000000000000000000000000000000000000000000000000000000000000000000000000000000000000000000000000000000000000000000
0000000000000000000000000000000099999999999999999999999999999999999999999999999999999999999999999999999999999999999999999999999999999999999999999999999999999999999999999999999999999999999999999999999999999999999999999999999999999999999999999999999999999999999999999999999999999999999999999999999999999999999999999999999999999999999999999999999999999999999999999999999999999999999000000000000
0000000000000000000000000000000001000000000000000001000000000000010000000000000000000000000100000000000000000000000000000000000000000000000000100000000000000000000000000000000001000000000000000000000000000000100000000000000000000000000000000000000000000000000000000000000000000001000000000000000000000000000010000000000000000000000000000000000000000000000010000000000000000000000000000000000
(9.0,32.0)-(9.0,378.0)

-----------------------theta = 89.0, rho = 33.0
00000000000000000000000000000000000000000000000000000000000000000000000000000000000000000000000000000000000000000000000000000000000000000000000000000000000000000000000000000000000000000000000000000000000000000000000000000000000000000000000000000000000000000000000000000000000000000000000000000000000000000000000000000000000000000000000000000000000000000000000000000000000000000000000000000000000000000000000000000000000000000000000000000000000000000000000000000000000000000000000000000000000000000000
00000000000000000000000000000000000000000000000000000000000000000000000000000000000000000000000000000000000000000000000000000000000000000000000000000000000000000000000000000000000000000000000000000000000000000000000000000000000000000000000000000000000000000000000000000000000000000000000000000000000000000000000000000000000000000000000000000000000000000000000000000000000000000000000000000000000000000000000000000000000000000000000000000000000000000000000000000000000000000000000000000000000000000000
00000000000000000000000000000000000000000000000000000000000000000000000000000000000000000000000000000000000000000000000000000000000000000000000000000000000000000000000000000000000000000000000000000000000000000000000000000000000000000000000000000000000000000000000000000000000000000000000000000000000000000000000000000000000000000000000000000000000000000000000000000000000000000000000000000000000000000000000000000000000000000000000000000000000000000000000000000000000000000000000000000000000000000000
00000000000000000000000000000000000000000000000000000000000000011111111111111111111111100000000000000000000000000000000000000000000000000111111100000000000000000000000000000000000000000000000000000000000000000000000000000000000000000000000000000000000000000000000000000000000000000000000000000000000000000000000000000000000000000000000000000000000000000000000000000000000000000000000000000000000000000000000000000000000000000000000000000000000000000000000000000000000000000000000000000000000000000000
00000000000000000000000000000000000000000001111111111111111111111111111111111111111111111111111100000000000000000000000000000000000000000111111111111111111111111111111100000000000000000000000000000111111111111111111111111000000000000000000000000000000000000000000000000000000000000000000000000000000000000000000000000000000000000000000000000000000000000000000000000000000000000000000000000000000000000000000000000000000000000000000000000000000000000000000000000000000000000000000000000000000000000000
00000000011111111111111111111000000000000001111111111111111111111111111111111111111111111111111100000000000000000000000001111111111111111111111111111111111111111111111111111111111111111111111111111111111111111111111111111000000000000000111111111111111111111110000000000000000000000000000000000000000000000001111111110000000000000000000000000000000000000000000000000000000000000000000000000000000000000000000000000000000000000000000000000000000000000000000000000000000000000000000000000000000000000000
00000000011111111111111111111111111111111111111111111111111111111111111111111111111111111111111111111111111111111111111111111111111111111111111111111111111111111111111111111111111111111111111111111111111111111111111111111111111111111111111111111111111111111111000000000111111111111111111111111111110000000001111111111111111111111111111111111111100000000000000000000000000000000000000000000000000000000000000000000000000000000000000000000000000000000000000000000000000000000000000000000000000000000000
00000000111111111111111111111111111111111111111111111111111111111111111111111111111111111111111111111111111111111111111111111111111111111111111111111111111111111111111111111111111111111111111111111111111111111111111111111111111111111111111111111111111111111111000000000111111111111111111111111111111111111111111111111111111111111111111111111111110000000000000000000000000000000000000000000000000000000000000000000000000000000000000000000000000000000000000000000000000000000000000000000000000000000000
00000000111111111111111111111111111111111111100000000000001111111111111111111111111111111111111111111111111111111111111111111111111111111111111111111111111111111111111111111111111111111111111111111111111111111111111111111111111111111111111111111111111111111111111111111111111111111111111111111111111111111111111111111111111111111111111111111111110000000000000000000000000000000000000000000000000000000000000000000000000000000001111111000000000000000000000000000000000000000000000000000000000000000000
00000000111111111000000000000111111111111111100000000000000000000000000000111111111111111111111111111111111111111111111111111111111110000000000011111111111111111111111111111111111111111100000000000000011111111111111111111111111111111111111111111111111111111111111111111111111111111111111111111111111111111111111111111111111111111111111111111111111111111111111111111111111110000000000000000000000000000000111111111111111111111111111111000000000000000000000000000000000000000011111111000000000000000000
00000000111111111000000000000000000000000000000000000000000000000000000000111111111111111111111111111111111111111111111111111111111110000000000000000000000000000000000000000000000000000000000000000000000000000000000001111111111111111111111111111111111111111111111111111111111111111111111111111111111111111111111111111111111111111111111111111111111111111111111111111111111111111111111111111111111111111111111111111111111111111111111111111111111111111111111111111111000000000011111111000000000000000000
00000000000000000000000000000000000000000000000000000000000000000000000000111111111111111111111111111111111111111111111111111100000000000000000000000000000000000000000000000000000000000000000000000000000000000000000001111111111111111111111111111111111111111111111111111111111111111111111111111111111111111111111111111111111111111111111111111111111111111111111111111111111111111111111111111111111111111111111111111111111111111111111111111111111111111111111111111111111111111111111111110000000000000000
00000000000000000000000000000000000000000000000000000000000000000000000000111111111000000000000000000000000111111111111111111100000000000000000000000000000000000000000000000000000000000000000000000000000000000000000001111111111111111111111111111111111111111111111111100000000000000000000111111111111111111111111111111111111111111111100000000000011111111111111111111111111111111111111111111111110000000011111111111111111111111111111111111111111111111111111111111111111111111111111111110000000000000000
00000000a999999998888888888889999999999999988777777777777777777777777777779999999998888999999999aaaaaaaaaaaaaaaaaaaaaaaaaaaaaa99999998888777777788888888888888888888888888888888888888888888888888888777788888888888888889999aaaaaaaaaaaaaaaaaaaaaaaaaaaaaaaaaaaaaaabbbbbbbbbaaaaaaaaaaaaaaaaaaaaaaaaaaaaabbbbbbbbbaaaaaaaaaaaaaaaaaaaaaaaaaaaaaaaaaaaaaabcccccccccccccccccccccccccccccccccccccccccccccccccccccccccccccccccccccccccccccccccbbbbbbbccccccccccccccccccccccccccccccddddddddddccccccccdd0000000000000000
00000000466666666444444444444444444444444446644444444444445555566666666666aaaaaaaaa999988888888866666666666777777777777778888866666664444666666666666666666666666666666655555555555555555544444444444555566666666666666669999777777777777777888888888888888888888887555555544666666666666666666777777777776666666668888888887777777777777777766666666666664444444444444444444444444443333333333333333333332222222233444444444444444444444445555555333333333333333333333333333333222222222244444444220000000000000000
00000000011111111111111111110000000000000000000000000000000000000000000000000000000000000000000000000000000000000000000000000000000000000000000000000000000000000000000000000000000000000000000000000000000000000000000000000000000000000000000000000000000000000000000000000000000000000000000000000000000000000000000000000000000000000000000000000000000000000000000000000000000000000000000000000000000000000000000000000000000000000000000000000000000000000000000000000000000000000000000000000000000000000000
00000000999999999999999999999999999999999999999999999999999999999999999999999999999999999999999999999999999999999999999999999999999999999999999999999999999999999999999999999999999999999999999999999999999999999999999999999999999999999999999999999999999999999999999999999999999999999999999999999999999999999999999999999999999999999999999999999999999999999999999999999999999999999999999999999999999999999999999999999999999999999999999999999999999999999999999999999999999999999999999999990000000000000000
00000000010000000000000000000100000000000001000000000000000000000000000000000000000100010000000000000000000000000000000000000010000000000000000010000000000000000000000000000000000000000000000000000100010000000000000000000000000000000000000000000000000000000000100000000100000000000000000000000000001000000001000000000000000000000000000000000000010000000000000000000000000000000000000000000000000000000000000000000000000000000001000000100000000000000000000000000000000000000010000000100000000000000000
(8.0,32.86538630602321)-(483.0,24.57423046511992)

-----------------------theta = 6.0, rho = 270.0
0000000000000000000000000000000000000000000000000000000000000000001111111111111111100000000111111111111111111111111111111111111111111000000000000000000000000000000000001111111111111100000000000000000000000000001111111100000000000000000000000000000000000000000000000000000000000000000000000000000000000000000000001111111111110000000000000000000000000000000000000000000000000000000000000000000
0000000000000000000000000000000000000000000000000000000000000000001111111111111111100000000111111111111111111111111111111111111111111000000000000000000000000000000000001111111110000000000000000000000000000000001111111100000000000000000000000000000000000000000000000000000000000000000000000000000000000000000000001111111111111111111111111111111111000000000000000000000011111111000000000000000
0000000000000000000000000000000000000000000000000000000000000000000111111111111111100000000111111111111111111111111111111111111111111000000000000000000000000000000000011111111000000000000000000000000000000000001111111110000000000000000000000000000000000000000000000000000000000000000000000000000000000000000000001111111111111111111111111111111111000000000000000000000011111111000000000000000
0000000000000000000000000000000000000000000000000000000000000000000111111111111111100000000000000000000001111111111111111111111111111000000000000000000000000000000001111111110000000000000000000000000000000000000001111111100000000000000000000000000000000000000000000000000000000000000000000000000000000000000000001111111111111111111111111111111111110000000000000000000011111111000000000000000
0000000000000000000000000000000000000000000000000000000000000000000111111111111111100000000000000000000001111111111111111111111111111000000000000000000000000000000001111111110000000000000000000000000000000000000001111111100000000000000000000000000000000000000000000000000000000000000000000111111110000000000000001111111111111111111111111111111111111000000000000000000011111111000000000000000
0000000000000000000000000000000000000000000000000000000000000000000000011111111111100000000000000000000000111111111111111111111111111000000000000000000000000001111111111111000000000000000000000000000000000000000000111111111000000000000000000000000000000000000000000000000000000000000000111111111111100000000000001111111111111111111111111111111111111000000000000000000011111111000000000000000
0000000000000000000000000000000000000000000000000000000000000000000000011111111111100000000000000000000000111111111111111111111111111000000000000000000000000001111111111100000000000000000000000000000000000000000000011111111000000000000000000000000000000000000000000000000000000000000011111111111111100000000000000111111111111111111111111111111111111100000000000000000001111111000000000000000
0000000000000000000000000000000000000000000000000000000000000000000000001111111111100000000000000000000000000011111111111111111111111000000000000000000000000001111111111100000000000000000000000000000000000000000000011111111100000000000000000000000000000000000000000000000000000000000011111111111111110000000000000111111110000000011111111111111111111100000000000000000001111111000000000000000
0000000000000000000000000000000000000000000000000000000000000000000000000111111111100000000000000000000000000000000000000000111111111000000000000000000000000001111111111000000000000000000000000000000000000000000000000111111111000000000000000000000000000000000000000000000000000000011111111111111111110000000000000111111100000000001111111111111111111110000000000000000001111111000000000000000
0000000000000000000000000000000000000000000000000000000000000000000000000111111111100000000111111100000000000000000000000000111111111000000000000000000000000001111111111000000000000000000000000000000000000000000000000111111111000000000000000000000000000000000000000000000000000001111111111111111111110000000000000111111100000000001111111111111111111110000000000000000001111111000000000000000
0000000000000000000000000000000000000000000000000000000000000000000000000000000000000000000111111100000000000000000000000000111111111000000000000000000000000011111111110000000000000000000000000000000000000000000000000001111111100000000000000000000000000000000000000000000000000001111111111111111111110000000000000111111110000000000000000000000111111100000000000000000001111111000000000000000
0000000000000000000000000000000000000000000000000000000000000000000000000000000000000000000111111111000000000000000000000000011111111000000000000000000000000011111111110000000000000000000000000000000000000000000000000001111111100000000000000000000000000000000000000000000001111111111111111111111111110000000000000111111110000000000000000000000111111100000000000000000001111111000000000000000
0000000000000000000000000000000000000000000000000000000000000000000000000000000000000000000011111111111110000000000000000000011111111000000000000000000000000011111111100000000000000000000000000000000000000000000000000001111111110000000000000000000000000000000000000000000001111111111111111111111111110000000000000111111111110000000000000000000000000000000000000000000000111111100000000000000
0000000000000000000000000000000000000000000000000000000000000000000000000000000000000000000011111111111111111100000000000000011111111000000000000000000000000011111110000000000000000000000000000000000000000000000000000000111111110000000000000000000000000000000000000000000001111111111111111111111111110000000000000111111111111110000000000000000000000000000000000000000000111111100000000000000
0000000000000000000000000000000000000000000000000000000000000000000000000000000000000000000000111111111111111111111000000000011111111000000000000000000000000011111110000000000000000000000000000000000000000000000000000000111111111000000000000000000000000000000000000000000011111111111111110000000000000000000000000111111111111110000000000000000000000000000000000000000000111111100000000000000
00000000000000000000000000000000000000000000000000000000000000000023333456666666666000000007999999998888877777666665555555556888888880000000000000000000000000dbbbbbb9986544332221111100000000000000000000000000002223455679abbcccdef0000000000000000000000000000000000000000000feeeeeeddcccbbbbaaaaaaaaaaab0000000000004888888887777775556666666666666777889aa0000000000000000047999999e00000000000000
0000000000000000000000000000000000000000000000000000000000000000002555578aaaaaaaaaa00000000688999977666667999999999888888888bffffffff00000000000000000000000005aaaaaaaaaa866553221111100000000000000000000000000003335688a8acaa877531000000000000000000000000000000000000000000014444446677799aa9aaaaaaaa9970000000000006fffffffdaaa8886679999999999999bbb99862000000000000000005beeeeee300000000000000
0000000000000000000000000000000000000000000000000000000000000000000111111111111111100000000011111111100000000000000000000000000000000000000000000000000000000001111111111111111111111100000000000000000000000000000001111111111111111000000000000000000000000000000000000000000001111111111111111111111111110000000000000111111111111110001100000000000000111110000000000000000001111111100000000000000
0000000000000000000000000000000000000000000000000000000000000000001111111111111111100000000999999999999999999999999999999999999999999000000000000000000000000011111111111111111111111100000000000000000000000000001111111111111111111000000000000000000000000000000000000000000011111111111111111111111111110000000000001111111111111111111111111111111111111110000000000000000011111111100000000000000
0000000000000000000000000000000000000000000000000000000000000000000100000000000000000000000000000000100000000000000000000000100000000000000000000000000000000000000000011111111111111100000000000000000000000000000001000000111111110000000000000000000000000000000000000000000001000000000000000000000000010000000000000000000001000000001000000000000000000000000000000000000000000000000000000000000
(0.0,0.0)-(0.0,0.0)

