-----------------------theta = 90.0, rho = 256.0
00000000000000000000000000000000000000001111111111100000000000000000000000000011111111110000000000000000000000000000000000000000000000000000000000000000000000000000000000000000000000000000000000000000000000000000000000000000001111111111100000000000000000000001111111111110000000000000000000000000000000000000000000000000000000000000000000000000000000000000000000000000000000000000000000000000000000000000000000111111110000000000000000000000000000000000000011111111000000000000000000000000000000000000
00000000000000000000000000000000000000001111111111100000000000000000000000000011111111110000000000000000000000000000000000000000000000000000000000000000000000000000000000000000000000000000000000000000000000000000000000000000001111111111111111111111111111111111111111111110000000000000000000000000000000000000000000000000000000000000000000000000000000000000000000000000000000000000000000000000000000000000000000111111111100000000000000000000000000000000001111111110000000000000000000000000000000000000
00000000000111111111111111111111111111111111111111111000000000000000001111111111111111111111111111111111111111111111111111111111111111111111111111111111111111111111111111111100000000011111111111111111111111111111111111111111111111111111111111111111111111111111111111111110000000000000000000000000000000000000000000000000000000000000000000000000000000000000000000000000000000000000000000000000000000000000000000111111111100000000000000000000000000000000001111111110000000000000000000000000000000000000
00000000000111111111111111111111111111111111111111111000000000000000001111111111111111111111111111111111111111111111111111111111111111111111111111111111111111111111111111111100000000011111111111111111111111111111111111111111111111111111111111111111111111111111111111111111111111111111111111111111111111111111111111111111111111111111111111111111000000001111111111111111111111111111111111111111111111111111111111111111111111110000000000000000000000011111111111111000000000000000000000000000000000000000
00000000000111111111111111111111111111111111111111111111111111111111111111111111111111111111111111111111111111111111111111111111111111111111111111111111111111111111111111111111111111111111111111111111111111111111111111111111111111111111111111111111111111111111111111111111111111111111111111111111111111111111111111111111111111111111111111111111000000001111111111111111111111111111111111111111111111111111111111111111111111110000000000000000000000011111111111111000000000000000000000000000000000000000
00000000000111111111111111111111111111111111111111111111111111111111111111111111111111111111111111111111111111111111111111111111111111111111111111111111111111111111111111111111111111111111111111111111111111111111111111111111111111111111111111111111111111111111111111111111111111111111111111111111111111111111111111111111111111111111111111111111111111111111111111111111111111111111111111111111111111111111111111111111111111111111111111111111111111111111111111111111111111111111111111111111111110000000
00000000000111111111111111111111111111111111111111111111111111111111111111111111111111111111111111111111111111111111111111111111111111111111111111111111111111111111111111111111111111111111111111111111111111111111111111111111111111111111111111111111111111111111111111111111111111111111111111111111111111111111111111111111111111111111111111111111111111111111111111111111111111111111111111111111111111111111111111111111111111111111111111111111111111111111111111111111111111111111111111111111111110000000
00000000000111111111111111111111111111111111111111111111111111111111111111111111111111111111111111111111111111111111111111111111111111111111111111111111111111111111111111111111111111111111111111111111111111111111111111111111111111111111111111111111111111111111111111111111111111111111111111111111111111111111111111111111111111111111111111111111111111111111111111111111111111111111111111111111111111111111111111111111111111111111111111111111111111111111111111111111111111111111111111111111111110000000
00000000000011111111111111111111111111111111111111111111111111111111111111111111111111111111111111111111111111111111111111111111111111111111111111111111111111111111111111111111111111111111111111111111111111111111111111100000000000000001111111111111111111111111111111111111111111111111111111111111111111111111111111111111111111111111111111111111111111111111111111111111111111111111111111111111111111111111111111111111111111111111111111111111111111111111111111111111111111111111111111111111111110000000
00000000000011111111111111111111111111111111111111111111111111111111111111111111111111111111111111111111111111111111111111111111111111111111111111111111111111111111111111111111111111111111111111111111111111111111111111100000000000000001111111111111111111111111111111111111111111111111111111111111111111111111111111111111111111111111111111111111111111111111111111111111111111111111111111111111111111111111111111111111111111111111111111111111111111111111111111111111111111111111111111111111111110000000
00000000000000000000000000000000000000000000000000000000000000000000000000000000000000000000000000000000000000000000000000000000000000000000000000000000000000000000000000000000000000000000000000000000000000000000000000000000000000000000000000000000000000000000000000000000000000000000000000000000000000000000000000000000000000000000000000000000000000000000000000000000000000000000000000000000000011111111111111111111111111111111111111111111111111111111111111111111111111111111111111111111111110000000
00000000000000000000000000000000000000000000000000000000000000000000000000000000000000000000000000000000000000000000000000000000000000000000000000000000000000000000000000000000000000000000000000000000000000000000000000000000000000000000000000000000000000000000000000000000000000000000000000000000000000000000000000000000000000000000000000000000000000000000000000000000000000000000000000000000000011111111111111111111111111111111111111111111111111111111111111111111111111111111111111111111111100000000
00000000000000000000000000000000000000000000000000000000000000000000000000000000000000000000000000000000000000000000000000000000000000000000000000000000000000000000000000000000000000000000000000000000000000000000000000000000000000000000000000000000000000000000000000000000000000000000000000000000000000000000000000000000000000000000000000000000000000000000000000000000000000000000000000000000000000000000000000000000000000000000000000000000000000000000000000000000011111111111111111111111111100000000
000000000006777777777777777777777777777766666666666778888888888888888877777777666666666677777777777777777777777777777777777777777777777777777777777777777777777777777777777777888888888777777777777777777777777777777777777666666655555555566666666666666666666666666666666666677777777777777777777777777777777777777777777777777777777777777777777777778888888877777777777777777777777777777777777777777777888888888888887777777777888899999999999999999999999888888877777777789aaaaaaaaaaaaaaaaaaaaaaaaaaa90000000
0000000000068888888888888888888888888888aaaaaaaaaaa886666666666666666688888888aaaaaaaaaa888888888888888888888888888888888888888888888888888888888888888888888888888888888888886666666668888888888888888888888888888888888886666666888888888aa9999999999999999999999aaaaaaaaaaaa7777777777777777777777777777777777777777777777777777777777777777777777777555555557777777777777777777777777777777777777777777799999999999999ccccccccbb9999777777777777777777777779999999bbcccccaa8788888888888888888888888888860000000
00000000000011111111100000000000000000000000000000000000000000000000000000000000000000000000000000000000000000000000000000000000000000000000000000000000000000000000000000000000000000000000000000000000000000000000000000000000000000000000000000000000000000000000000000000000000000000000000000000000000000000000000000000000000000000000000000000000000000000000000000000000000000000000000000000000000000000000000000000000000000000000000000000000000000000000000000000000000000000000000000000000000000000000
00000000000999999999999999999999999999999999999999999999999999999999999999999999999999999999999999999999999999999999999999999999999999999999999999999999999999999999999999999999999999999999999999999999999999999999999999999999999999999999999999999999999999999999999999999999999999999999999999999999999999999999999999999999999999999999999999999999999999999999999999999999999999999999999999999999999999999999999999999999999999999999999999999999999999999999999999999999999999999999999999999999999990000000
00000000000010000000000000000000000000001000000000010000000000000000001000000000000000001000000000000000000000000000000000000000000000000000000000000000000000000000000000000010000000010000000000000000000000000000000000010000000000000001000000000000000000000000000000000001000000000000000000000000000000000000000000000000000000000000000000000000100000001000000000000000000000000000000000000000000010000000000000100000000010000000000000000000000000010000000000000001000000000000000000000000000010000000
(11.0,256.0)-(492.0,255.99999999999997)

-----------------------theta = 89.0, rho = 202.0
00000000000000000000000000000000000000000000000001111111111111110000000000000000000000000000000000000000000000000000000000000000000000000000000000000000000000000000000000000000000000000000000111111111111111000000000000000000000000000000000000000000000000000000000000000000000000000000000000000000000000000000000000000000000000000000000000000000000000000000000000000000000000000000000000000111111111100000000000000000000000000000000000000000000000000000000000000000000000000011111111000000000000000000
00000000000000000000000000000000000000000000000001111111111111111000000000000000000000000000000000000000000000011111111000000000000000000000000000000000000000000000000000000000000000000000011111111000000000000000000000000000000000000000000000000000000000000000000000000000000000000000000000000000000000000000000000000000000000000000000000000000000000000000000000000000000000000000000000000111111111100000000000000000000000000000000000000000000000000000000000000000000000000011111111100000000000000000
00000000000000000000000000000000000000000000000001111111111111111000000000000000000000000000000000000000000000001111111000000000000000000000000000000000000000000000000000000000000000000000011111111000000000000000000000000000000000000000000000000000000000000000000000000000000000000000000000000000000000000000000000000000000000000000000000000000000000000000000000000000000000000000000000011111111111000000000000000000000000000000000000000000000000000000000000000000000000000011111111100000000000000000
00000000000000000000000000000000000000000000000001111111111111110000000000000000000000000000000000000000000000001111111100000000000000000000000000000000000000000000000000000000000000000000111111110000000000000000000000000000000000000000000000000000000000000000000000000000000000000000000000000000000000111111100000000000000000000000000000000000000000000000000000000000000000000000000000011111111111000000000000000000000000000000000000000000000000000000000000000000000000000001111111100000000000000000
00000000000000000000000000000000000000000000000011111111111111110000000000000000000000000000000000000000000000000000000000000000000000000000000000000000000000000000000000000000000000000000111111110000000000000000000000000000000000000000000000000000000000000000000000000000000000000000000000000000000000111111100000000000000000000000000000000000000000000000000000000000000000000000000000111111111110000000000000000000000000000000000000000000000000000000000000000000000000000001111111100000000000000000
00000000000000000000000000000000000000000000000011111111111111111000000000000000000000000000000000000000000000000011111111000000000000000000000000000000000000000000000000000000000000000011111111000000000000000000000000000000000000000000000000000000000000000000000000000000000000000000000000000000000000011111111000000000000000000000000000000000000000000000000000000000000000000000000000111111111110000000000000000000000000000000000000000000000000000000000000000000000000000001111111100000000000000000
00000000000000000000000000000000000000000000000000000000111111111000000000000000000000000000000000000000000000000001111111000000000000000000000000000000000000000000000000000000000000000011111111000000000000000000000000000000000000000000000000000000000000000000000000000000000000000000000000000000000000011111111000000000000000000000000000000000000000000000000000000000000000000000000000000000000000000000000000000000000000000000000000000000000000000000000000000000000000000001111111100000000000000000
00000000000000000000000000000000000000000000000000000000111111111000000000000000000000000000000000000000000000000001111111111000000000000000000000000000000000000000000000000000000000011111111100000000000000000000000000000000000000000000000000000000000000000000000000000000000000000000000000000000000000001111111100000000000000000000000000000000000000000000000000000000000000000000000000000000000000000000000000000000000000000000000000000000000000000000000000000000000000000000111111110000000000000000
00000000000000000000000000000000000000000000000000000000011111111000000000000000000000000000000000000000000000000000111111111000000000000000000000000000000000000000000000000000000000011111111100000000000000000000000000000000000000000000000000000000000000000000000000000000000000000000000000000000000000001111111100000000000000000000000000000000000000000000000000000000000000000000000000000000000000000000000000000000000000000000000000000000000000000000000000000000000000000000111111110000000000000000
00000000000000000000000000000000000000000000000000000000011111111000000000000000000000000000000000000000000000000000111111111111000000000000000000000000000000000000000000000000000001111111111000000000000000000000000000000000000000000000111111111111111111111111111110000000000000000000000000000000000000000011111110000000000000000000000000000000000000000000000000000000000000000000000000000000000000000000000000000000000000000000000000000000000000000000000000000000000000000000111111110000000000000000
00000000000000000000000000000000000000000000000000000000000000000000000000000000000000000000000000000000000000000000011111111111000000000000000000000000000000000000000000000000000001111111111000000000000000000000000000000000000000000000111111111111111111111111111110000000000000000000000000000000000000000011111110000000000000000000000000000000000000000000000000000000000000000000111111110000000000000000000000000000000000000000000000000000000000000000000000000000000000000000111111110000000000000000
00000000000000000000000000000000000000000000000000000000000000000000000000000000000000000000000000000000000000000000000111111111111000000000000000000000000000000000000000000000000111111111100000000000000000000000000000000000000000000001111111111111111111111111111110000000000000000000000000000000000000000000000000000000000000000000000000000000000000000000000000000000000000000000111111110000000000000000000000000000000000000000000000000000000000000000000000000000000000000000111111110000000000000000
00000000000000000000000000000000000000000000000000000000000000000000000000000000000000000000000000000000000000000000000111111111111000000000000000000000000000000000000000000000000111111111100000000000000000000000000000000000000000000001111111111111111111111111111100000000000000000000000000000000000000000000000000000000000000000000000000000000000000000000000000000000000000000001111111100000000000000000000000000000000000000000000000000000000000000000000000000000000000000000111111110000000000000000
000000000000000000000000000000000000000000000000644444445666666670000000000000000000000000000000000000000000000233457779aabbbcccddd000000000000000000000000000000000000000000000000ddccbbbaa97754433211111111100000000000000000000000000000dccccccccccccccccccccccccccccb0000000000000000000000000000000000000567788899ab000000000000000000000000000000000000000000000000000000000000000000dcccccca754444444432000000000000000000000000000000000000000000000000000000000000000000000000000247777778b0000000000000000
000000000000000000000000000000000000000000000000266666668aaaaaaa7000000000000000000000000000000000000000000000013346899988666444222000000000000000000000000000000000000000000000000224466688aaa977553111111111000000000000000000000000000002444444444444444444444444444430000000000000000000000000000000000000246688866420000000000000000000000000000000000000000000000000000000000000000001333333564666666664200000000000000000000000000000000000000000000000000000000000000000000000000037ddddddc60000000000000000
00000000000000000000000000000000000000000000000001111111100000000000000000000000000000000000000000000000000000001111111111111111111000000000000000000000000000000000000000000000000001111111111111111111111111000000000000000000000000000000111111111000000000000000000000000000000000000000000000000000000000011111111110000000000000000000000000000000000000000000000000000000000000000000111111111111111111100000000000000000000000000000000000000000000000000000000000000000000000000001111111110000000000000000
00000000000000000000000000000000000000000000000099999999999999999000000000000000000000000000000000000000000000011111111111111111111000000000000000000000000000000000000000000000000111111111111111111111111111000000000000000000000000000009999999999999999999999999999990000000000000000000000000000000000000111111111110000000000000000000000000000000000000000000000000000000000000000001111111111111111111100000000000000000000000000000000000000000000000000000000000000000000000000011111111110000000000000000
00000000000000000000000000000000000000000000000000000000100000000000000000000000000000000000000000000000000000001000000010000000000000000000000000000000000000000000000000000000000001000000000010000000000000000000000000000000000000000000100000000000000000000000000000000000000000000000000000000000000000011111111100000000000000000000000000000000000000000000000000000000000000000000100000000100000000000000000000000000000000000000000000000000000000000000000000000000000000000000000000100000000000000000
(0.0,0.0)-(0.0,0.0)

